Index

Abas 14, 2. 34, 4. 7. 46,11.
137,2. 146,12

Abderus 64,17

= Absoris oppidum 54,12. 55, 17

Absoritani 55,18

Absyrtus 53, 22

Acamas 37,13. 98,1. 101,16

191119949199111999]141,19

Acestes 148,12. 149,1

595919991191 33,11

Achai-eust 147,5

Achelous ll,9. 12,11. 22,11. 65,
17. 108,10. 149,5

Achilles 89, 11. 99, 4. 941. 91, 1.
99, 5. 25. 100, 7. lo. 19. 20.
1911. 1919. 19911. 1191.
145,18. 148,7

Achivi 97, 23

Acoetes 114,12. †115,1

Acrisius 13, 4. 61,23. 83, 7. 147,2

Actaea 10,15

Actaeon 36,14. 137,17

Actor 14,14. 45,13. 471123. 94,

Admeto 11,5

Admetus 28,16. 44, 19. 57,17.
58, 2. 139,8

5991119 60, 23. 138,3 139, ll.
146,1

5119919935,15

Adrastus 66, 19. 74,14. 75, 3. 76,
15. 77,18. 135,10

Adriaticum 1119195323

5999119139. 28,15. 45, 20. 49,14.
99191999

Aeaea 109, 2. 111, 17

Aeeta 12,12. 13. 39,9.15. 45,19.
53, 4. 21. 55,1. 56,1. 120, l.
137, 12

59399 oppidum 129,18

5939119 28,14. 46,1. 55,12. 68, 3.
aare. 81,1. 134,19

aegeum 1991913419

Aegiale 63,2

Aegialeus 78, 9

Aegina 58,16

Aegipan 13,9

Aegisthus 84,12. 102,13. 103, 5.
105. 106, 6. 136, 22. leals

Aegle 9,11

Aegyptus 31,11. 33,12. 102, 18.
152,6

Aello 37,9

Ae'llopos 47,16

Aenaria insula 107,13

Aeneas 88,18. 99,15. 100,2. 101,
15. 139,13. 140, 20. [144, 7.]
11911

Aeneus 147,13

Aeolus 13, 13. 38,5. 39,18. 61, 7.
63, 2. 107, 5. 118, 25. 13314.
139,16

5991137,14

Aeropa 84, 4. 90,1

Aesculapius 28,11. 57, 18

Aeson 28,14. 39,15. 43, 18

 

