167

ceo. 17,1.4

11, 11,11. 9111

nonus 38, 7. 134, 3

111

:ophns 37,12

sos, 1. 11115. 1111. 111,
11,1111111419. 1411.
111)

1119

111317

41, a. 11114

ia 1119. 4111. 511

1 11, 11

ss 44, 10. 48, 17. 4115.
111,] 14114

ie 36,10

s 11, 5. 111

7,4

131, 19. 1119. 100, 4.
11314

11114116

1111111137,17

11 flumen 122, 18

10n14,13. 114. 13111
1111111147,10

edes’f 15, 4. 89, 6. 96, 5.
1. 153,1

10,8. 11,13. 20. 136, 18

»n 1111

agassur

22, 4.] 125,17. 132, 6. 160,

11199,16

12,9

115112. 6117117116.
1214

1 10, 17

ss 148, 22

11132,18

11110114

tres 9, 8. 27,21. 29, 8. 162,

rub voce Alexander
sus 17,14. 18, 6. 10. 117,

Paros 152, 21

Pantheon 28, 6. 30,1. 47, 8. 112, 7.
Ρ1117151113111111111 37,2
Ρ1ἷ17111111111111178, 1. 14. 93, 8. 146,

Pasiphae 1111 11,11. 41η. 14, ·

11. 1111. 1111. 1111

Pasithoe 11,6

Patroclus 82, 19. 90, 6. 97, 2. 99,22.
11111. 1411. 14111

[Patron 148, 22]

Pegasus 12, 22. 24, 9. 20. 26, 2.
1111

Pelasgici hostes 61,2

Pelasgus 30, 8. 106, 4. 132,18

Pelethronios 149,10. (frenorum in-
ventor)

Peleus28,15. 45,20. 49,13. 69,
13. 87,19. 142, 6. 14118

Peliades54,23

Pelias 14, 8. 43,16. 64, 14. 67,18.
14111

Pelion 67,4

Pelopia 64, 24. 84, 10. 86, 1. 136,
14. 141411

Pelops 42, n. 23. 82, 16. 33,1.
1111. 11111. 1414

Pelorus 10, 8. 36,2

Pemphredo' 11,1

Peneleus 82,10. 90,27. 101,2

Penelope 109,18. 110,12. 111, 16.
1311. 14111

Peneus 15,9. 128,12

Penthesilea 16, 6. 100,4

Pentheus 37,21. 80, 5. 134,6

Perdix 111. 1111. 11111

Periandrus 124, 6. 130,13

Periboea 72, 20. 74,6

Periclymene 44,19

Periclymenus 14, 6. 43, 1. 46, 22.
411 ·

Porrus 11,1

Perrhaebia 29,4

Perse l2,l2

Perseis 13,11

Perseon 46, 15

Perses 11,13. 12,12. 56,1. 137,7

 

