163

· Hyperm(n)estra 31, 21. 34, 2. 48, n.

77,21

Hypseus 14,1. 336

Hypsipyle 50, 8. 79, 8. 10314.“
14o,11 «

Hyrieus 1239

Hyrmine 46,4
Iaera 10, 16

Ialmenus 15, 2. 90,6

19119999 10, 18

1911119 10,18

Ianthe 11,5

Iapetus 10,12. ll, 14. 23, 1. 29,1

1991911[138,16.] 145,12

Iasius 732

Iason 1914. 4919, 44,9. 49, a. 7.
51,11. 53, 6. 54, 4. 120, 2. 133,
16. 137,10. 14316

Icarius 112,14. 1329

1991119 6319. 121,8

Ichnobates 37,6

1119134

Idas 1919. 4919. 49,14.91,14.
9911

Idea 32,18. 122,3

Ideus 2314

1111991146,10.48,14.51,13. 1334

Idomeneus 9911. 90, 22. 101, 9.
14319

11911199 3315. 10319

Idyia 12,14. 531

19111991 10,9

1119119911. 9911. 1941. 1994.
1439

Ilium 99, 3. (30, 31)

1111191136

“ , Ilionomus† 3316

1119911119 11,10. 134. 2313. 24,
10. 1oa,a. 1994

Incestum 9,16

1111112311 .

Indus 11, 9. targenti inventor 149,

1110 35,1. 99119. 49, a. 19119.
194,1. 19919

Intemperantia 9, 14

Invidia ll,20

1013,4. 24,11

Iobates 60,7

rocosum, 19. 199. 19919. 1499

Iolaus 28, 14. 4311. 935. 14321

191999 29, 4. 54,16

1919 65, 24Ι 67,7

1911965,11.151,19.11391314.
vide sub voce Iupiter

Iphiclus 28, 14. 44,17. 47, 9. 4311.
95,5

Iphidamas 100,15

Iphigenia 92, 18. 103, 22. 105, 6.
199, 9. [14419]

Iphimaohus 94, 24

Iphimede 56, 20

Iphinoe 50,11

Iphinome16,4

Iphis 51,14

Iphitus 4911. 1119

119312 ·

Irene 36,10

Irus 45,11.14. 110,22

1991191237

Isis 24,20. 15313

Ismarus oppidum 106, ,10

Ismene 73, 23

Ismenus 11,9

Italus 111,21

11991 34,1

Ithaca 29, 5. 199, 9. 109, 15. 110, 2.
111,12 ’

Itys 71,13. 13317

Iuno ll, 16. 12, 2. 3. 4. 17,1. 7.

19, 2. 11. 44,4. 91, 15. 9919. ’

aaa. 91,11

Iupiter 11,16. 12, 2—9. 15, 7.
17,1.6. 18,1.15. 19,16. 232.
24, 5. 51, 20. 57, 15. 5316.
27919. - vide suh voce Iovis.

Iusiurandum 9,14

19911991139

Iuventusl2,4

Ixion 49, a. 91, 19. 99, 141 91,1
1999994111, 11, 19. 994

Labros 9119

19999119 37,18

Lacedaemon 137

Lachesis 9, 9. 27, 22

Lacon 37,9

11*

 

